5 1 1 138 205 207
4 297 213 261 272
4 181 81 274 296
4 217 76 286 112
5 168 86 204 225 13
4 55 250 16 12
4 117 104 291 283
5 169 88 163 157 120
4 109 260 172 161
5 165 73 137 122 258
5 42 89 228 242 234
4 276 295 151 69
4 185 149 75 83
4 128 219 147 170
4 162 277 175 273
3 14 108 208
3 96 214 141
4 111 5 106 244
4 160 134 40 44
4 35 9 64 51
3 63 145 259
3 93 126 4
4 8 8 61 74
4 211 59 215 156
3 97 245 48
3 246 22 266
3 20 80 11
4 135 247 201 49
3 227 282 243
2 186 210
4 221 194 218 2
3 19 39 90
3 285 158 53
4 100 199 30 289
3 114 33 153
2 115 102
3 58 130 26
2 171 198
3 278 129 253
2 113 107
3 262 92 132
2 202 99
2 182 206
2 142 229
3 103 15 150
2 28 164
2 60 298
2 197 224
3 45 233 17
3 189 231 105
2 220 290
2 257 70
2 178 238
3 226 188 24
2 237 299
2 294 85
2 43 284
3 203 255 174
2 191 84
3 240 159 3
3 41 65 95
2 71 139
2 127 144
3 29 29 241
2 155 155
2 68 121
2 36 293
2 62 23
2 136 133
2 288 267
2 50 152
2 143 216
2 209 209
2 7 77
2 270 91
4 287 57 173 72
2 124 78
2 79 146
2 82 6
2 196 148
2 251 56
4 300 264 27 190
2 125 239
2 236 140
2 98 179
2 21 52
2 154 166
2 249 32
2 38 279
2 110 94
2 177 263
3 268 167 119
2 193 31
2 183 183
2 118 46
2 195 10
2 265 281
3 25 254 256
2 280 248
2 252 230