7 575 4522 3101 5532 8384 6471 7236
7 7025 9388 9199 3547 4308 4819 3020
6 3546 4715 8818 8267 6120 6756
6 6374 1462 5799 8901 4131 4131
7 700 2963 9769 4890 8672 8672 8672
6 7330 2334 6072 9100 1611 1284
6 5440 9209 8424 1319 8576 9209
6 7707 6234 8289 5987 5987 5987
7 9214 9724 9219 2325 4199 9219 2325
6 1524 8288 6531 2176 6531 2176
6 337 6403 7136 5247 1983 3644
7 9036 4896 7676 5301 1621 9742 6366
6 371 4259 1626 7828 2 940
7 2356 8311 618 9139 5630 2804 7625
6 641 1106 3013 4532 3013 4532
6 8101 5358 3004 5133 2926 7356
6 1547 9467 7601 8409 2432 1248
7 4132 4064 4470 5187 5430 5187 5430
6 6797 4906 6402 815 2799 4183
6 6897 1522 2934 8652 9140 1591
6 4734 8134 3277 9270 6752 1074
7 3504 1153 7914 3632 32 9889 6231
6 4480 5224 2166 596 2920 8698
6 7767 3337 2941 7937 9699 3122
7 6580 7922 9072 2281 6843 6669 5419
7 5038 2691 1819 3614 9716 3366 6719
7 3244 346 1818 4526 6230 6408 992
7 7788 4060 9533 8769 2077 3065 9300
7 2637 7743 108 6714 2788 2044 3652
7 4218 2479 4213 1423 7015 9480 424
7 8054 9249 4638 8050 1060 7530 8866
6 9275 6621 6252 4388 216 2493
6 7482 469 5262 9969 6144 6144
6 7500 312 9549 8376 102 853
6 1346 3396 9645 2450 2291 2450
6 3702 8959 2454 2579 2454 2579
6 1159 584 6261 8585 981 569
6 8364 8270 3190 7250 7255 448
7 7693 9534 3897 3391 8991 6437 3476
7 9108 8568 9005 7068 8521 9005 7068
6 9690 5934 5755 4701 5628 7658
7 1861 2555 8478 8251 1748 322 1517
6 7480 5984 4373 4623 4623 4623
6 924 1590 4359 8395 7650 6878
7 6827 6854 4612 4957 1943 4196 5672
7 5822 3187 6242 3819 7827 7361 200
7 1635 4429 7932 6732 6898 5347 4641
7 9954 5083 8128 6718 9954 5083 8128
6 1148 8743 2775 4569 8175 7036
7 3312 4996 8081 4673 7680 5473 477
6 5208 8815 3693 7211 1442 2132
7 3857 8764 3767 8349 3544 1503 6182
6 2049 5281 7577 8667 8303 6317
6 9781 438 5948 3133 4046 117
6 6301 8108 2216 6474 6143 5998
7 7796 1204 1888 2059 425 2534 4857
7 3103 6405 998 2812 7005 6041 2812
6 4401 64 657 5179 6207 8008
7 7506 9913 7608 4271 4095 5764 8909
7 1887 6715 4967 3646 9257 8571 579
7 1031 7458 71 6145 2478 726 9707
7 7031 204 3077 7765 937 8467 848
6 5498 594 4016 5378 1223 2671
6 4477 3321 8127 1554 1554 1554
7 39 3895 7728 3766 4443 3682 2014
7 9060 1607 1195 9590 3430 6115 7502
7 7670 2243 8343 65 3975 9331 5294
6 711 1509 5746 9292 15 1512
7 5231 4777 9217 1137 8394 1023 1830
7 4552 5819 874 1737 1030 5973 4088
7 6665 4915 1340 5474 3727 4970 6322
7 148 35 3248 9115 2531 9308 6439
7 6996 1812 6278 3501 9325 2144 2558
6 5004 4249 9173 7635 4514 2573
7 5617 4826 5172 9545 9898 2952 114
7 5127 4605 2089 4503 9176 9176 9176
6 976 6036 1643 2300 7157 5322
7 8670 4840 3492 1149 3024 2543 5248
7 4610 3836 7818 7410 9001 6802 8362
6 8508 4565 1011 571 6121 3164
6 156 5389 576 5257 1184 3165