2 8891 6518
2 8774 2737
2 7014 7207
2 2385 1856
2 8671 5072
2 4680 7949
2 720 2574
2 6253 3203
2 1136 1881
2 1179 4888
2 7110 2592
2 564 3540
2 3655 9288
2 6032 8089
2 7469 7679
2 3697 7111
2 7228 4819
2 2419 8728
2 3579 5983
2 9122 6528
2 2016 5481
2 6322 2888
2 9551 4797
2 6404 3322
2 7717 6754
2 2177 821
3 8759 6378 5892
2 8228 5068
2 7914 1818
2 9914 477
2 3648 4942
2 1106 9928
2 8879 4028
2 312 6545
2 6040 2661
2 4830 5904
2 9450 5092
2 5992 2940
2 5650 2054
2 7326 7910
2 8185 1400
2 8579 5442
2 7863 3359
2 8966 4472
2 9460 6611
2 1564 8564
2 3709 9378
3 550 6913 6687
3 1777 667 2529
2 8968 1191
3 2736 7930 5984
2 1193 1345
2 7576 493
2 4645 6191
3 4949 7805 3247
2 3609 1340
3 769 3148 9804
2 2719 6019
2 2298 2759
3 3581 8103 4012
2 307 7377
3 7958 8712 7434
3 3091 7109 9955
3 1561 1804 8597
4 1210 5935 365 3029
3 9314 6746 3730
2 8072 8995
2 1779 7582
4 3056 7658 3382 8914
2 1875 3561
2 9484 1627
2 5333 1160
4 4059 8343 1974 9570
2 8307 6601
2 500 8825
2 4412 4558
2 6880 2213
3 1041 8521 3761
2 874 979
3 1270 4468 2670
2 7356 7633
2 369 5227
2 9926 1001
4 4436 5886 9637 3492
2 3937 3208
2 8193 774
3 9564 9865 8969
2 7348 1556
2 7347 9825
2 7445 181
2 1209 8731
2 3292 3342
2 9253 4647
2 7780 7774
4 8293 1195 6527 3810
2 3363 5969
4 1274 2945 9580 6521
4 4079 9620 9350 3750
3 6382 1993 9252
3 4759 5246 4521
2 8304 9521
2 3615 4794
3 475 5869 1382
3 8951 4476 9764
2 4718 9724
3 6542 6663 5372
3 1868 4353 4071
2 1377 6442
2 7465 7026
3 3694 9091 873
3 5019 1003 8606
4 6823 3009 5563 4053
3 5718 8291 2289
3 7120 7892 1068
3 3372 4049 2487
4 4310 5694 3194 7714
3 7953 7285 3112
3 4215 2590 9045
4 6467 6914 1207 6398
3 7562 8565 1320
3 2248 6608 1147
2 7614 2446
3 3031 1513 4007
4 188 4151 2718 26
4 5971 4380 4837 8403
2 2347 7601
4 2696 2508 234 1707
4 3630 1979 5378 8331
3 6671 269 1530
4 5325 6966 727 5514
3 6413 790 9187
3 623 7380 7681
3 7071 7089 7685
4 1758 4495 3431 5479
3 9085 6795 5554
3 2062 6161 1024
3 569 9986 2413
3 3443 6151 1247
2 4470 2377
4 2520 8205 4256 8254
3 6664 5162 2752
4 304 3150 3759 7062
4 2466 8478 8025 7123
3 6725 9650 24
2 4529 7810
4 376 2987 7197 6275
4 9848 4843 6209 7973
3 6199 2167 1144
3 8732 7712 8720
2 1845 390
4 6902 2870 9745 2952
4 1139 8190 6190 8048
4 4072 701 5308 4302
2 9347 3289
3 3608 4789 4589
2 2867 4322
4 3168 2918 4630 6091
2 9250 7483
2 9869 6666
2 4839 2621
2 9020 9360
4 1516 9921 9873 9751
3 735 4878 6745
2 6516 5060
2 2431 1453
3 1006 8030 7454
4 9676 6229 4155 5887
2 6592 4182
2 7076 9050
4 2884 5344 1112 7523
2 3226 4326
2 4139 7520
2 3231 9361
4 3550 2009 3335 7148
2 8789 9452
2 311 9490
2 6464 4338
4 3254 5859 1950 9601
4 4840 7912 3312 4421
4 7957 3693 4066 3706
2 4330 9602
4 4526 5223 1025 2178
4 7400 3541 5594 263
2 1923 4391
2 6239 2008
2 7991 7845
4 9753 9141 1960 7363
2 1786 924
4 8330 2325 909 2694
4 958 6270 8547 8071
2 3710 3537
2 3087 5255
4 9217 3308 2982 9510
2 5445 4824
2 2542 8434
2 8554 5647
2 1062 2266
4 714 4091 3558 7761
2 9419 252
4 6832 1880 9110 5579
4 9680 1665 5722 9516
2 1028 8279
4 2317 8841 7187 6961
2 3825 447
4 5193 1229 2826 90
2 5781 8049
2 7507 1563
3 4688 5616 7114
4 7402 6425 4831 7622
4 1316 1834 5972 5970
2 8112 175
4 8963 8421 1178 9531
2 4318 10000
4 8641 3258 6174 5326
4 5441 3656 5283 1546
4 9977 4587 2057 8423
1 3828
2 8572 8896
4 298 4985 314 5273
4 1098 8396 401 7016
2 6584 6153
4 9004 30 6901 2331
2 1141 5085
4 5236 7230 3774 5980
2 944 5619
4 5446 2328 2113 4484
2 1957 8491
2 3089 8365
1 4737
4 5301 4496 7374 2100
4 1336 118 8979 5976
3 1867 8793 5680
3 6695 9403 7384
3 212 882 1328
4 6264 8180 9504 4950
3 8510 7021 1696
4 6278 6634 5296 1999
4 2721 8087 8804 9694
4 424 7800 2650 1285
1 4869
4 7430 2775 458 1115
4 3856 9464 5757 3331
4 9326 1725 5733 4418
4 6962 1114 5915 9100
1 9915
3 9902 7330 385
4 446 3334 6763 4276
4 3556 611 2075 836
4 9410 7199 6648 1323
4 2136 6650 855 6144
2 9741 2039
4 4638 8459 7175 8816
4 9515 4067 3780 7154
4 8176 5382 7315 3636
4 3472 9047 3120 9911
3 1422 2437 3862
1 642
4 89 7319 6201 5574
4 8704 9284 6537 3368
4 3282 478 4494 7240
3 581 6741 5427
4 3989 1493 1431 130
1 5986
1 767
4 9582 9821 416 1653
4 2572 8272 8903 5743
4 7966 490 210 7927
4 6816 6736 1253 5349
1 7656
4 2950 673 2148 7631
1 6835
1 3639
4 1889 3246 4451 549
4 1544 8588 4816 1547
4 6808 3991 1978 8781
4 9708 1795 4406 1023
1 1019
4 5300 3026 8105 3339
1 2710
4 7929 1324 5159 6500
4 1736 4537 4705 595
4 2433 5599 9268 3162
3 8074 6077 219
4 8729 7029 1423 8020
4 921 865 5353 1624
1 8001
1 3871
4 607 3169 3740 4811
4 8709 6885 40 8892
3 3528 9496 4966
4 5087 7710 3834 2679
3 4085 7935 7459
4 5336 5342 8567 8600
2 4605 8346
1 241
1 2449
4 85 1816 5622 9373
3 3105 285 3390
4 6457 3006 5816 6688
3 5955 9043 4466
4 2942 697 3779 996
4 3870 9292 9703 1290
3 9980 7211 3686
3 3458 8159 3752
3 1994 8460 8374
3 3139 6328 5282
3 6530 2524 6549
3 2027 6246 1534
4 7862 3410 1103 614
4 7041 7065 6431 3253
2 5920 2344
4 3157 6045 2897 7855
3 9290 608 7369
3 1861 3177 3768
2 1038 1412
3 7663 9012 8231
3 6548 5125 3505
4 4060 62 8349 7433
3 4512 6876 8078
4 25 7456 8174 1941
2 8246 8039
4 6707 3668 6410 9022
4 2913 2829 5348 8999
4 1306 3744 1525 1611
4 2357 8490 1836 1428
4 9306 5403 9736 6623
3 7098 658 7785
4 6003 3445 4209 6631
3 9846 4004 9761
3 319 2652 9987
2 2172 1460
3 3652 4508 3775
3 6294 2985 8333
3 5492 5712 8482
3 8893 7001 4374
3 9671 6240 2761
3 9386 1909 8947
3 1971 7580 2594
3 9936 3369 6856
4 9524 6419 6568 6496
3 8303 6156 7925
4 3818 7641 1690 4524
4 6784 2297 9587 5706
3 9805 1475 8607
4 6696 9188 5426 7636
3 8740 6670 688
3 9614 8654 2455
3 7320 6826 1583
3 333 5918 9709
3 4649 7153 7292
3 1385 7554 6198
2 2360 4899
3 494 7278 2238
3 7769 1870 7816
3 1364 499 2156
3 1652 9072 4420
3 5238 4625 2192
2 7535 525
3 8849 508 3517
3 8255 4206 2534
3 114 7115 8029
2 1677 585
3 903 6341 6417
3 2643 3399 8930
3 1774 6005 5852
3 2743 7447 7704
3 3326 6063 8573
3 5888 5517 880
2 380 1661
2 3508 3136
3 1187 389 9649
3 4864 4246 6726
3 7865 7513 8831
2 6320 9785
2 1434 9073
2 6223 3695
3 213 3233 808
3 936 6598 6171
4 9394 6655 9139 9866
3 2124 8941 2309
3 2496 641 4176
4 4895 3050 3454 8341
3 6878 2199 9056
3 5921 8111 6016
3 9997 6054 3324
2 6646 409
2 9437 2285
3 1415 8022 351
3 4388 9870 7611
3 568 316 3164
2 3567 6485
3 8448 6481 32
3 2783 8748 6208
4 586 5219 8299 1016
4 223 1448 3117 5814
3 3397 4954 713
3 1143 1756 265
3 1698 4456 8154
3 6136 1565 743
2 5383 2129