8 46 2585 6425 475 5966 8958 1953 5619
7 6429 7139 1110 8569 8886 9937 1458
7 9476 8142 4474 2203 9131 5054 5240
7 157 1827 9595 7116 8278 6211 8739
7 1567 3424 5327 1671 1077 1696 653
7 4468 3441 3903 7223 2146 1760 835
7 2996 8859 9815 5974 679 4666 2003
7 2718 7427 7795 8566 1237 9180 3718
7 7850 8947 3105 8852 909 2077 2105
7 6431 963 6558 5114 233 7991 9149
6 6976 5371 9585 2169 5385 9126
7 2871 8221 1569 1492 2167 4520 9062
6 5255 655 8505 9353 9440 7588
6 5833 8596 2336 5152 1260 7711
6 4612 7577 9137 3933 5557 8052
6 821 8552 3666 6118 8621 985
6 5483 1642 6981 2972 4810 7127
6 702 7610 4544 3443 1084 4400
6 6508 6604 1735 5334 2002 1742
7 3354 8098 8546 1141 9243 5612 428
7 4892 9181 7133 5198 7604 6532 8182
6 4183 6957 3834 2907 3389 9677
7 6199 1718 1834 1557 7668 4020 9946
7 3637 1142 9447 4504 5230 6850 9021
7 3188 5920 3833 6960 5145 385 3375
6 8451 7884 6672 6937 6213 6283
6 3156 9285 3120 1326 8628 8397
6 8045 5553 4393 7027 23 6622
6 7675 3234 7575 9176 2918 6010
7 9192 6043 8373 4569 6114 2655 1231
6 8079 9341 5940 3683 4643 8714
6 3217 2453 9118 7868 8724 760
6 3874 396 9461 6791 7039 491
6 7783 4662 9448 2245 2532 4856
7 9393 9050 1205 2856 3734 354 9102
6 9602 9156 5042 5613 7079 3420
7 2039 5047 8129 3325 9239 2731 7541
7 8599 4079 1031 4170 6263 3132 3589
6 1814 9212 7236 2254 5524 6196
7 8104 7278 930 1747 4166 533 2439
7 9107 4323 9444 564 3034 3322 9830
7 1135 14 7782 27 1522 4424 9867
6 3767 2653 8524 3296 5279 1911
6 8787 602 1469 5208 7756 6327
7 6571 1770 7856 5899 4628 2901 2835
6 208 1600 1806 4588 3607 51
6 3710 5263 4758 8073 3393 9064
6 5015 1765 8171 8694 8895 3414
6 7679 3512 767 6460 1883 9428
7 6262 2852 5646 5137 8715 9761 8522
6 2235 1578 9851 6383 9492 1118
7 3017 9436 3077 3641 6623 2005 4891
6 1580 8058 24 2400 4351 6419
6 2140 3612 3362 8064 2072 8304
6 527 9329 5890 3745 3230 3098
7 9152 4936 5838 7690 5902 2879 5938
6 5836 9216 6153 2770 485 734
6 3923 2824 1425 5567 4004 4781
6 578 7314 3879 9274 5236 3881
7 587 7915 9158 7336 3020 6338 2969
7 720 2000 5161 1957 5183 3145 3965
7 5267 747 2699 4069 4094 6353 4948
7 682 1049 4950 4092 793 9435 8919
7 836 103 6258 5530 4888 2924 106
6 4120 1966 28 5113 6037 4158
6 8347 1574 2558 2570 8660 4460
6 3061 6846 5584 1430 872 3550
6 3492 603 3248 2941 4473 6101
6 3388 3878 553 1986 9721 7275
6 9054 9989 2091 5116 9273 5007
7 328 7585 817 5346 148 3544 9988
6 4975 4108 9569 4083 6998 3164
6 8996 9873 5609 3397 9452 303
6 4765 3582 6201 9753 5548 3618
6 9372 725 315 4716 1133 6059
6 9190 7257 6601 2634 2084 5268
6 2183 8897 4871 3805 8021 6095
6 79 1467 7985 5264 9426 2911
6 4072 8562 5772 9455 9819 9966
7 9671 2210 8247 4482 6028 7950 128
6 661 3563 2891 2967 3814 1335
7 7654 5063 276 7983 366 6874 3228
6 8425 9926 3483 9885 9458 9470
6 2759 3124 3552 3065 7357 9484
6 4190 8725 4167 433 9232 5039
6 9015 8408 8387 2187 8212 8538
6 9169 1473 613 5129 9351 8032
6 8981 6892 7788 2768 4264 2320
7 5877 3832 6228 7016 7483 9376 1201
6 4053 8040 1340 6006 2069 2774
6 2418 1753 7612 6986 3315 7545
6 3876 7428 847 8548 2410 4073
6 7938 9441 228 786 9909 5786
6 153 9562 8851 9679 2154 9882
6 7325 689 7043 8418 4426 1072
7 3449 935 3210 703 5523 3357 6137
7 2923 2806 4672 418 6453 1934 8713
6 5058 8454 9821 3955 5075 6337
6 8710 1144 3384 5611 3436 1120
6 6191 6898 6476 2623 8447 6822
6 1575 9859 183 2753 1090 8870
6 571 5525 5529 4157 2514 1529
6 6424 559 3857 7891 5402 6629
6 9414 2637 7721 9985 3905 2207
6 3591 7902 9943 6178 2596 6036
7 1960 6393 3705 4068 8747 6736 6497
6 6198 2164 329 3993 1981 2450
6 176 3257 4702 3418 7098 4500
6 1712 1378 9201 4719 2041 9199
6 7149 958 8074 8938 1586 9035
6 6230 390 5942 2324 2458 3601
6 9489 8086 1769 376 8068 5996
7 5960 4142 4350 109 2347 9770 9870
6 4754 8580 4766 4085 9977 9299
6 5501 5326 3052 6869 5125 6290
6 5466 1939 9442 8616 6264 5204
6 5778 2831 9636 6212 4441 9434
6 6813 7829 7919 6974 7994 9427
7 5372 9322 95 6891 7953 2125 6252
7 2922 9889 7383 1068 7843 5442 2710
7 2823 4961 751 8135 4315 4583 2361
6 4769 5234 2955 5417 6915 7595
6 4467 5355 4767 7417 6796 8057
6 5635 3816 727 7296 5091 802
6 1573 3199 7032 6870 7615 7972
6 139 5148 6858 1589 9503 8324
6 7663 3076 5210 1017 8214 1042
6 1409 7736 7570 3624 8310 8823
6 9544 4582 3472 5655 873 1975
6 7996 8670 4661 785 3417 718
7 8173 4805 1513 8504 8757 1930 9732
6 7634 8185 4952 1026 8761 5893
6 2266 805 5476 6678 393 8571
6 9112 9891 5504 3151 1311 5842
6 5799 2608 6820 133 8333 5775
6 6670 1825 1752 5991 1881 38
7 1180 6951 4663 7310 6305 1263 2717
6 3884 3385 6611 4 8913 6776
7 188 9160 4575 1114 4305 4285 7648
7 2735 9715 9446 9471 409 3455 2560
6 1387 1661 1532 5950 8624 7205
6 4116 4802 6730 9034 1119 9430
7 4524 8100 4923 6464 8321 6666 8979
6 9862 4050 9258 1891 5046 47
6 4078 2518 4239 8664 6863 7198
7 6441 3184 8316 5968 7110 8681 9175
7 2369 9283 9289 7699 9457 1309 3400
6 4617 6983 7012 7608 4836 4292
7 8726 1588 3026 3313 8755 3772 8106
6 4399 3861 6641 4984 2648 1998
6 5605 3146 4797 2306 251 5203
6 9142 8268 8741 6445 169 1009
5 1789 160 3988 7879 9997
6 667 8503 3773 8766 1623 3562
6 3517 7761 6246 1856 6698 7946
6 3154 2564 2366 4287 5648 138
7 9059 8850 91 1193 3668 6389 1106
6 4066 1188 4171 7770 5598 1356
6 3593 2712 5325 358 5857 5422
6 4905 2379 9958 3173 8742 2980
6 3426 6022 9367 8446 1873 4929
6 1754 4261 916 6243 9248 829
6 43 2415 8972 4010 3743 9334
6 494 4761 5009 9593 4135 4550
6 6782 672 1036 6962 6745 7559
6 7246 3969 5335 339 7848 330
6 2601 8405 3657 2747 3547 1073
6 7823 2382 69 8955 9093 5338
5 4760 2497 1276 3872 8883
6 3364 5031 5985 5659 4692 1650
6 3118 9743 6155 6235 2267 3606
7 2151 6809 2997 811 5052 2051 9658
7 3191 4853 3493 3386 1543 806 765
6 994 4635 8298 4253 8537 6357
7 4173 2673 2714 5943 237 3450 8375
5 1416 1897 1500 6794 3928
5 3172 189 630 5907 8864
6 446 5674 3938 7384 9922 1079
5 5956 9214 3561 7055 5768
6 2994 4831 7403 4409 3195 4486
5 3453 5533 6446 2844 9929
6 6934 3237 5468 3915 761 3889
6 6639 3289 5477 7023 240 8245
7 692 3040 1943 1206 9357 4987 1314
6 1435 9055 4990 6031 8518 7547
5 7007 8591 5484 928 1273
6 3250 8091 4339 9613 2304 1942
5 8949 4795 2136 620 7784
5 8654 1365 4416 195 1624
5 1596 8658 6375 3159 1337
5 7614 9539 3920 9893 5944
5 9689 4879 9386 9311 1877
6 7644 2636 9244 6890 4673 6540
7 1786 9823 2551 2206 9962 3391 871
7 9739 2604 8645 1349 435 7836 9784
5 1388 2804 969 2614 776
5 7567 7031 3747 8350 184
6 8547 6669 7639 8177 6487 3468
5 3783 3766 4387 6277 2403
5 2767 840 7085 686 2328
6 1809 7081 2794 7977 9659 6418
5 863 7217 171 3804 389
6 296 3266 1366 1268 6345 9847
5 3211 6348 3463 6616 4241
5 6489 7097 7280 2180 1782
5 1360 8655 7743 5435 4813
5 8340 9038 5309 621 7641
5 7546 1039 8891 801 6224
6 2587 1818 8126 7117 1693 4160
7 8855 6057 9741 3644 6567 3137 468
5 4475 1197 5521 7671 4712
6 2649 2848 6929 8495 1295 6626
6 2441 8699 3534 2351 7661 1859
7 2773 7319 3633 5238 2609 1419 1666
6 7834 4115 3236 5554 5425 586
5 7180 7705 5752 2745 714
6 3043 2147 9914 3908 1308 1427
5 8395 7947 3954 6554 9718
5 2199 5337 3323 4735 3678
5 5131 6426 1746 6163 5288
5 3828 3930 7450 3859 5374
5 9765 5945 3699 3152 7234
6 6341 9961 552 7529 7785 9808
5 8441 8928 2086 2287 3297
6 9195 8184 1037 2783 783 6039
6 4968 5456 4434 8830 2542 8243
6 7852 8300 4798 4051 6278 6055
5 2352 4391 1125 2319 5386
7 6600 2850 2092 1438 7233 5134 3691
5 5536 3506 8842 6275 4329
6 5589 4470 3129 9622 4901 3223
6 5704 1540 1910 1199 6273 1485
5 3170 5757 1598 4414 2685
5 774 3497 3868 210 9431
5 1313 5953 9124 5294 5656
5 812 9592 5714 6070 6642
5 9247 7176 9305 4970 7860
7 9582 9352 7298 8357 2392 2405 3063
5 8122 6598 1279 1307 7913
6 6614 6331 2875 4656 7611 2817
6 483 1832 9523 7376 6130 4355
7 7321 3661 4502 6665 1283 6994 5927
5 1493 2584 3279 1889 6522
7 6131 2099 1926 6417 9804 8964 3382
6 4981 5098 5130 3336 7115 4088
5 5389 1248 3411 5862 3089
5 7709 529 7724 7033 2504
5 9719 699 3951 1708 8499
6 7643 9032 4459 2771 7963 4713
5 4633 2070 2913 7000 8089
6 9361 7338 6169 8443 6400 3049
5 1131 1063 2196 4631 415
5 6579 4808 920 9088 6724
5 9993 3702 3293 1890 4410
5 1692 3973 722 3380 5545
5 8836 257 6349 2523 9745
5 8962 6786 5117 4759 4894
6 3757 7640 2934 9666 9502 9101
5 9039 7344 2757 3781 1170
5 6797 1808 9778 1396 7968
5 406 7794 8054 5705 7358
5 8365 8206 4437 8390 3870
5 7048 9590 3856 5178 816
5 8153 3682 1962 4783 8158
5 554 9744 4629 1046 6703
5 6771 549 4187 2723 4358
5 9663 7495 8907 8688 1790
5 597 5246 4623 8124 2474
5 282 7582 7240 3503 2621
5 3182 6215 1050 849 1721
6 6792 9888 1984 5349 7002 5846
5 7512 6688 4927 6161 4203
5 7540 4058 781 2539 9512
7 2224 2224 4495 9941 1301 9288 6030
6 3241 281 5918 1043 6179 750
6 7206 1847 1863 2638 179 6165
5 9792 7440 8251 1755 5982
5 5802 3629 8053 3282 9717
5 5596 1705 5727 8048 4037
5 3504 8400 8440 7210 2462
5 627 2242 654 4273 4900
5 5242 9105 4835 7292 9106
5 5614 3912 3324 3775 9397
7 6097 5261 3721 3502 7260 335 1288
5 1126 6498 3764 5275 5643
5 9728 7607 8283 9620 7627
5 2443 35 164 1372 5796
5 8544 7497 1258 3059 8105
5 3776 1041 405 4364 6315
5 1192 1894 5669 2984 264
5 7488 4061 3332 5701 7685
5 2298 6932 3269 253 9597
4 6755 5998 94 8149
4 8028 2013 3645 5717
5 3992 1331 9097 882 1111
5 1272 5847 2931 7956 2516
5 2087 8448 9812 6548 8402
6 2157 4448 2694 704 3252 6372
6 8545 2192 7449 8194 8604 5854
5 5558 2786 5911 5278 7134
5 1426 9869 4711 9154 3249
5 5384 2796 5535 1837 8211
5 4806 524 2641 4386 3741
5 9167 5654 3611 1724 5141
5 688 6993 6823 1207 8394
5 353 8384 7443 2708 2703
5 3180 5050 2966 5823 1214
5 9249 1061 2049 4522 8024
5 2766 477 5462 5297 2227
6 378 995 145 457 9011 7855
5 8433 555 1124 9691 5166
5 2865 458 3846 8467 7212
5 6684 331 9264 8056 1723
6 626 4304 5538 6106 8385 2494
5 8984 4123 6719 887 3207
5 9693 5150 9080 3038 2486
5 5196 4809 7975 8802 3240
6 8608 8731 1038 9956 6909 6525
5 437 8367 1176 1768 9625
6 9697 8473 9228 7407 8662 4620
5 9499 2333 6103 8317 6740
7 7137 6886 4247 9756 8112 923 8195
5 3535 8287 9166 4824 6689
5 6766 4938 5229 2618 4660
5 8208 1713 9140 8656 7960
5 8144 8567 2130 9009 4679
5 7398 192 8993 5348 8220
4 289 7231 1168 9265
5 4945 7459 2869 2762 7188
4 2525 3045 9236 8763
5 6544 3694 1561 1896 5826
5 8027 8798 9495 134 2790
5 7252 6483 6711 6952 938
6 7230 4398 7930 7911 144 3581
5 3580 2513 4796 4344 6970
5 447 8587 7350 581 7342
5 7381 6636 591 6183 2830
5 9827 3259 2213 374 6515
5 8978 5186 7413 8067 7609
5 5967 1015 1132 5601 369
5 4237 6880 7580 3533 1685
4 1780 8004 135 534
5 7330 6700 7465 6254 656
5 4508 7121 4487 1830 9848
4 737 4280 1369 5578
5 6721 9337 6284 1040 3977
5 6002 4260 6000 1677 6470
4 2917 17 675 4846
6 2447 7187 9696 83 5880 8404
4 6047 1411 1161 9553